532000 5989
4000 129
536000 5628
8000 219
540000 5946
12000 283
544000 5874
16000 325
548000 5563
20000 440
552000 6201
24000 253
556000 6270
28000 404
560000 4541
32000 368
36000 391
564000 5953
40000 284
568000 5004
44000 407
572000 6075
48000 374
576000 6469
52000 385
580000 5676
56000 403
584000 6505
60000 528
588000 6400
64000 463
592000 6796
68000 478
596000 5005
72000 453
600000 6658
76000 454
604000 6101
80000 513
608000 5399
84000 648
612000 5914
88000 524
92000 595
616000 6396
96000 545
620000 6443
100000 548
624000 6941
104000 711
628000 6417
108000 593
632000 6459
112000 615
636000 6212
116000 658
640000 6334
120000 745
644000 6646
124000 664
648000 6410
128000 910
652000 7114
132000 949
656000 7199
136000 1046
660000 6500
140000 936
664000 7156
144000 940
148000 998
668000 6785
152000 987
672000 6933
156000 1068
676000 7256
160000 1022
680000 7270
164000 1272
684000 6652
168000 1067
688000 6109
172000 1275
692000 7409
176000 1564
696000 7080
180000 1646
700000 7008
184000 1889
704000 7462
188000 1783
708000 6748
192000 1303
712000 7577
196000 1263
716000 7038
200000 1888
720000 7399
204000 1735
208000 1739
724000 6042
212000 1801
728000 7265
216000 2128
732000 7524
220000 2294
736000 7499
224000 2045
740000 7389
228000 2619
744000 7697
232000 2048
748000 6705
236000 3224
752000 7706
240000 3339
756000 7516
244000 2343
760000 6809
248000 2568
764000 7590
252000 3945
768000 7632
256000 2123
772000 7314
260000 1570
776000 7897
264000 5461
780000 7168
268000 1790
784000 7773
272000 3659
788000 7384
276000 3203
792000 8020
280000 3066
796000 6159
284000 2350
800000 7639
288000 2233
804000 7861
292000 3824
296000 1596
808000 7371
300000 1705
812000 7387
304000 4342
816000 6410
308000 2687
820000 7939
312000 3202
824000 7514
316000 2740
828000 7595
320000 3216
832000 7561
324000 3092
836000 7419
328000 2818
840000 7886
332000 2294
844000 7625
336000 5798
848000 8212
340000 3689
852000 7960
344000 3167
856000 7976
348000 5001
860000 7951
352000 4511
864000 5840
356000 4586
868000 8141
360000 3485
872000 8086
364000 2563
876000 7344
368000 3605
880000 7933
372000 5402
884000 7416
376000 3608
888000 8228
380000 4437
892000 7418
384000 4833
896000 6792
388000 4492
900000 7445
392000 4517
904000 8048
396000 3831
908000 7776
400000 4466
912000 8006
404000 5488
916000 8129
408000 5351
920000 7960
412000 5025
924000 7342
416000 6190
420000 4069
928000 8250
424000 4425
932000 8011
428000 4212
936000 8075
432000 7588
940000 7883
436000 3992
944000 7313
440000 4260
948000 8292
444000 6440
952000 8239
448000 4796
956000 8066
452000 6702
960000 7804
456000 6141
964000 8132
460000 6060
968000 8258
464000 6036
972000 6265
468000 6311
976000 8274
472000 5277
980000 7909
476000 6877
984000 7168
480000 4971
988000 7190
484000 5669
992000 8435
488000 5679
996000 8220
492000 5081
1000000 8511
496000 7200
500000 6723
504000 6505
508000 7579
512000 6207
516000 6022
520000 6469
524000 6468
528000 6659
532000 6985
536000 8180
540000 7441
544000 6695
548000 7770
552000 8106
556000 8511
560000 5855
564000 7456
568000 6474
572000 7921
576000 8584
580000 7188
584000 7487
588000 8524
592000 7173
596000 7636
600000 7312
604000 7995
608000 7632
612000 6259
616000 8440
620000 7061
624000 5986
628000 3462
632000 6925
636000 5229
640000 6046
644000 8357
648000 6720
652000 7449
656000 5054
660000 8518
664000 6589
668000 4692
672000 6225
676000 7905
680000 8274
684000 7382
688000 3325
692000 6686
696000 8259
700000 7494
704000 7670
708000 5384
712000 8183
716000 5485
720000 8155
724000 8745
728000 5396
732000 6850
736000 5157
740000 6212
744000 7446
748000 3363
752000 3697
756000 4523
760000 6928
764000 8388
768000 8794
772000 5272
776000 5941
780000 7099
784000 8169
788000 8021
792000 8832
796000 3323
800000 8368
804000 5996
808000 9106
812000 5282
816000 5933
820000 6226
824000 9337
828000 8971
832000 5906
836000 7600
840000 9296
844000 8615
848000 5569
852000 5444
856000 8109
860000 8773
864000 5510
868000 6840
872000 7758
876000 6821
880000 8198
884000 6293
888000 6501
892000 8869
896000 8289
900000 7322
904000 7466
908000 9056
912000 6261
916000 8589
920000 6324
924000 9667
928000 9548
932000 9454
936000 9077
940000 9702
944000 9698
948000 9358
952000 9174
956000 9390
960000 7060
964000 8594
968000 8199
972000 7653
976000 7903
980000 7945
984000 6853
988000 9451
992000 9429
996000 7888
1000000 8477
