4000 136
8000 188
12000 284
16000 290
20000 321
24000 380
28000 377
32000 361
36000 413
40000 418
44000 372
48000 457
52000 485
56000 432
60000 562
64000 534
68000 527
72000 543
76000 531
80000 645
84000 518
88000 665
92000 608
96000 698
100000 992
104000 794
108000 898
112000 884
116000 949
120000 979
124000 1196
128000 1435
132000 1102
136000 1251
140000 1196
144000 1587
148000 1428
152000 1172
156000 1597
160000 1344
164000 1897
168000 1127
172000 1962
176000 1344
180000 1289
184000 2085
188000 1789
192000 1911
196000 1392
200000 1545
204000 1739
208000 1630
212000 1255
216000 1524
220000 1571
224000 2530
228000 1617
232000 2278
236000 2083
240000 2735
244000 1369
248000 2044
252000 1819
256000 1968
260000 2368
264000 2300
268000 1463
272000 1729
276000 3813
280000 1332
284000 2527
288000 2825
292000 1272
296000 2953
300000 2797
304000 3645
308000 2515
312000 3036
316000 3121
320000 2598
324000 3117
328000 3027
332000 1330
336000 2074
340000 2863
344000 3267
348000 4638
352000 4118
356000 3084
360000 3183
364000 2535
368000 3389
372000 3248
376000 3212
380000 3509
384000 4428
388000 5128
392000 3384
396000 3585
400000 4242
404000 5374
408000 4633
412000 5090
416000 5338
420000 4162
424000 4513
428000 5018
432000 3731
436000 5170
440000 4957
444000 3850
448000 4754
452000 6483
456000 6675
460000 4551
464000 4785
468000 5067
472000 6004
476000 5135
480000 5232
484000 6073
488000 6185
492000 6182
496000 6750
500000 5007
504000 6153
508000 4583
512000 5568
516000 2828
520000 4634
524000 6896
528000 5705
532000 6402
536000 4320
540000 5922
544000 6459
548000 4572
552000 6375
556000 6738
560000 6205
564000 7744
568000 6602
572000 6935
576000 6867
580000 6149
584000 7195
588000 7469
592000 6645
596000 6653
600000 5399
604000 7241
608000 7580
612000 6576
616000 6186
620000 7136
624000 7799
628000 8161
632000 8049
636000 7769
640000 6667
644000 8065
648000 7178
652000 7821
656000 7696
660000 6414
664000 7449
668000 8025
672000 8159
676000 8232
680000 8268
684000 8195
688000 7827
692000 8174
696000 8324
700000 7743
704000 8224
708000 8170
712000 8134
716000 8046
720000 7529
724000 8548
728000 8352
732000 6865
736000 7700
740000 8360
744000 6576
748000 8516
752000 7565
756000 7354
760000 8102
764000 8438
768000 8565
772000 7720
776000 8207
780000 7646
784000 7466
788000 6224
792000 7997
796000 7505
800000 7552
804000 7589
808000 7164
812000 7782
816000 7967
820000 8393
824000 8535
828000 7204
832000 8200
836000 8246
840000 7332
844000 7161
848000 8605
852000 6761
856000 8224
860000 8134
864000 7954
868000 8395
872000 8183
876000 8564
880000 8179
884000 7989
888000 8411
892000 8475
896000 8808
900000 8341
904000 7931
908000 8456
912000 8692
916000 8778
920000 8671
924000 8733
928000 8595
932000 8770
936000 8323
940000 8851
944000 8661
948000 7682
952000 8440
956000 8669
960000 8659
964000 8135
968000 8225
972000 9227
976000 8908
980000 7818
984000 8026
988000 8387
992000 8741
996000 7972
1000000 8846
