4000 122
8000 222
12000 220
16000 288
20000 365
24000 294
28000 270
32000 258
36000 339
40000 361
44000 310
48000 459
52000 438
56000 249
60000 378
64000 576
68000 563
72000 566
76000 645
80000 635
84000 567
88000 728
92000 871
96000 797
100000 621
104000 853
108000 817
112000 588
116000 769
120000 930
124000 747
128000 965
132000 363
136000 852
140000 1296
144000 1257
148000 1356
152000 1395
156000 1167
160000 1144
164000 1638
168000 1468
172000 1627
176000 3243
180000 480
184000 1500
188000 1992
192000 1006
196000 1158
200000 1984
204000 2174
208000 4464
212000 4043
216000 2181
220000 2375
224000 2147
228000 4372
232000 1965
236000 3359
240000 4040
244000 2552
248000 1658
252000 3095
256000 4713
260000 1490
264000 2567
268000 3157
272000 4390
276000 4438
280000 4048
284000 3612
288000 3840
292000 4762
296000 3023
300000 4639
304000 2455
308000 5673
312000 3621
316000 4326
320000 4503
324000 4430
328000 2557
332000 5446
336000 5192
340000 4176
344000 4173
348000 5467
352000 5048
356000 3831
360000 3382
364000 5068
368000 5364
372000 5543
376000 5637
380000 4385
384000 5487
388000 5166
392000 4633
396000 5782
400000 5431
404000 5458
408000 5475
412000 5456
416000 4624
420000 5094
424000 5016
428000 6290
432000 6685
436000 4486
440000 6306
444000 6060
448000 5846
452000 6467
456000 3724
460000 5662
464000 6267
468000 4556
472000 5086
476000 6797
480000 6634
484000 5799
488000 5614
492000 6832
496000 7087
500000 5441
504000 6787
508000 7149
512000 6500
516000 7176
520000 5698
524000 7292
528000 6634
532000 5426
536000 4117
540000 7122
544000 6657
548000 7158
552000 6357
556000 5093
560000 7213
564000 6196
568000 7081
572000 7214
576000 6893
580000 7226
584000 7206
588000 6197
592000 6850
596000 6816
600000 7117
604000 7098
608000 6558
612000 5981
616000 6470
620000 7211
624000 7421
628000 6009
632000 6982
636000 7306
640000 6389
644000 7479
648000 7537
652000 6191
656000 7586
660000 6631
664000 6107
668000 7153
672000 6853
676000 7586
680000 5960
684000 6845
688000 7554
692000 7537
696000 7203
700000 7508
704000 7118
708000 7598
712000 7482
716000 7505
720000 5572
724000 6940
728000 7319
732000 7002
736000 7437
740000 7635
744000 7537
748000 6990
752000 6229
756000 6969
760000 7513
764000 7781
768000 7683
772000 6332
776000 7418
780000 7540
784000 7737
788000 7800
792000 7741
796000 7741
800000 7073
804000 7706
808000 7703
812000 7578
816000 7691
820000 7749
824000 7576
828000 7937
832000 7275
836000 7854
840000 7733
844000 7737
848000 7697
852000 7114
856000 7921
860000 7774
864000 7895
868000 7261
872000 7948
876000 7416
880000 7739
884000 7925
888000 7900
892000 6264
896000 7731
900000 7746
904000 8064
908000 6856
912000 7606
916000 7682
920000 7799
924000 8108
928000 7960
932000 8292
936000 8143
940000 7628
944000 7416
948000 6500
952000 6669
956000 8099
960000 7932
964000 7648
968000 7234
972000 8061
976000 7851
980000 7965
984000 7573
988000 7861
992000 8274
996000 7534
1000000 8083
