4000 115
8000 182
12000 315
16000 249
20000 308
24000 266
28000 355
32000 390
36000 397
40000 374
44000 398
48000 432
52000 485
56000 545
60000 654
64000 433
68000 466
72000 573
76000 542
80000 623
84000 734
88000 578
92000 758
96000 834
100000 725
104000 600
108000 658
112000 892
116000 828
120000 888
124000 1506
128000 751
132000 1382
136000 1003
140000 1503
144000 1039
148000 1755
152000 1547
156000 1522
160000 1109
164000 939
168000 1928
172000 2130
176000 1354
180000 1801
184000 1467
188000 1733
192000 699
196000 1759
200000 2798
204000 3161
208000 2495
212000 2333
216000 3505
220000 1837
224000 2358
228000 2567
232000 2556
236000 1663
240000 2189
244000 2889
248000 2359
252000 2362
256000 3193
260000 1277
264000 2401
268000 1771
272000 2573
276000 1959
280000 2279
284000 3319
288000 2037
292000 4070
296000 4180
300000 2980
304000 3827
308000 3654
312000 3376
316000 4055
320000 3811
324000 4716
328000 3218
332000 3538
336000 2798
340000 5122
344000 5072
348000 3878
352000 4083
356000 4205
360000 4642
364000 4981
368000 4522
372000 3821
376000 4977
380000 5185
384000 4465
388000 5860
392000 6284
396000 5786
400000 5850
404000 5670
408000 4871
412000 3832
416000 4604
420000 5887
424000 6518
428000 5194
432000 5299
436000 5451
440000 6476
444000 5170
448000 5760
452000 6495
456000 4890
460000 6371
464000 6179
468000 5097
472000 5885
476000 6057
480000 5916
484000 6073
488000 6675
492000 5898
496000 7110
500000 6196
504000 6383
508000 5201
512000 7264
516000 6536
520000 4249
524000 5950
528000 5201
532000 6863
536000 6886
540000 6255
544000 6663
548000 5798
552000 6109
556000 7016
560000 5059
564000 7029
568000 3627
572000 7493
576000 5953
580000 7386
584000 5814
588000 5156
592000 7289
596000 6466
600000 5818
604000 5955
608000 7604
612000 5400
616000 6832
620000 6477
624000 7054
628000 6461
632000 6949
636000 7532
640000 5800
644000 6995
648000 6892
652000 5844
656000 7194
660000 7181
664000 7266
668000 5856
672000 6285
676000 6893
680000 7308
684000 7925
688000 7618
692000 7753
696000 7553
700000 7712
704000 7115
708000 6908
712000 7663
716000 7754
720000 7286
724000 7298
728000 7558
732000 7822
736000 7939
740000 7579
744000 7582
748000 7322
752000 7885
756000 7936
760000 7237
764000 7822
768000 7346
772000 7371
776000 8073
780000 8239
784000 7987
788000 7902
792000 7275
796000 7959
800000 7343
804000 7969
808000 8035
812000 7306
816000 8138
820000 8178
824000 8184
828000 7432
832000 6524
836000 7987
840000 8145
844000 6794
848000 7559
852000 7973
856000 7730
860000 8167
864000 7834
868000 6499
872000 8172
876000 8333
880000 8286
884000 8240
888000 8232
892000 5678
896000 7846
900000 8618
904000 7818
908000 8049
912000 7319
916000 8281
920000 8519
924000 7997
928000 8492
932000 8452
936000 6152
940000 6154
944000 8440
948000 8423
952000 7726
956000 8331
960000 8461
964000 8221
968000 8610
972000 7271
976000 7519
980000 8547
984000 8511
988000 8339
992000 7348
996000 8437
1000000 8372
