4000 113
8000 221
12000 204
16000 233
20000 276
24000 303
28000 306
32000 417
36000 484
40000 417
44000 390
48000 459
52000 453
56000 433
60000 535
64000 571
68000 664
72000 580
76000 629
80000 602
84000 751
88000 691
92000 827
96000 581
100000 678
104000 934
108000 945
112000 795
116000 714
120000 777
124000 1088
128000 979
132000 967
136000 796
140000 1106
144000 929
148000 969
152000 1211
156000 1060
160000 1211
164000 1102
168000 1281
172000 1211
176000 1260
180000 1677
184000 1103
188000 1813
192000 1388
196000 1536
200000 1329
204000 2968
208000 1614
212000 1267
216000 1517
220000 3101
224000 1473
228000 705
232000 1651
236000 719
240000 1819
244000 1938
248000 1874
252000 1432
256000 3173
260000 1913
264000 4113
268000 2378
272000 1791
276000 2958
280000 2728
284000 2632
288000 3243
292000 2821
296000 3347
300000 2434
304000 2753
308000 3261
312000 2294
316000 2961
320000 2946
324000 4404
328000 3097
332000 3109
336000 2451
340000 3569
344000 4193
348000 2904
352000 2265
356000 2779
360000 2719
364000 3397
368000 3724
372000 3618
376000 5597
380000 4353
384000 3667
388000 3121
392000 5641
396000 4215
400000 3921
404000 3721
408000 4337
412000 5165
416000 5656
420000 5569
424000 5527
428000 6145
432000 5437
436000 4819
440000 4000
444000 2450
448000 2748
452000 4790
456000 5909
460000 5614
464000 4783
468000 5918
472000 5775
476000 5947
480000 6242
484000 5930
488000 6984
492000 5669
496000 4147
500000 5645
504000 6323
508000 7095
512000 6846
516000 5096
520000 6720
524000 5027
528000 6520
532000 6967
536000 6444
540000 6475
544000 6697
548000 6080
552000 6177
556000 6738
560000 6571
564000 6630
568000 6545
572000 5962
576000 6268
580000 6522
584000 7339
588000 7371
592000 7064
596000 6873
600000 7257
604000 6816
608000 5549
612000 6163
616000 7545
620000 6058
624000 7053
628000 6927
632000 6667
636000 6740
640000 6393
644000 7658
648000 6869
652000 4999
656000 7326
660000 7364
664000 6387
668000 6748
672000 7616
676000 7062
680000 7696
684000 7440
688000 7624
692000 7212
696000 6879
700000 6136
704000 7276
708000 6812
712000 7117
716000 7558
720000 7571
724000 7164
728000 7228
732000 7077
736000 7772
740000 6797
744000 7274
748000 6145
752000 7434
756000 6825
760000 6574
764000 7913
768000 7379
772000 6629
776000 6420
780000 7135
784000 7493
788000 7481
792000 7456
796000 6713
800000 7807
804000 7835
808000 8052
812000 7186
816000 7951
820000 7347
824000 7929
828000 6998
832000 6628
836000 6267
840000 7720
844000 7423
848000 7187
852000 7931
856000 7300
860000 7443
864000 6784
868000 6760
872000 7438
876000 7498
880000 6855
884000 7787
888000 7888
892000 7756
896000 7285
900000 8066
904000 7569
908000 7992
912000 7588
916000 6814
920000 7103
924000 8269
928000 8170
932000 7711
936000 7177
940000 8078
944000 8081
948000 7943
952000 8187
956000 6978
960000 7336
964000 5888
968000 8151
972000 8110
976000 7601
980000 7604
984000 8221
988000 8349
992000 8446
996000 7567
1000000 8356
