4000 139
8000 204
12000 261
16000 283
20000 408
24000 334
28000 341
32000 468
36000 403
40000 414
44000 533
48000 370
52000 548
56000 450
60000 406
64000 310
68000 528
72000 587
76000 634
80000 467
84000 633
88000 548
92000 610
96000 539
100000 538
104000 591
108000 826
112000 1006
116000 811
120000 767
124000 1068
128000 1168
132000 683
136000 1138
140000 877
144000 1268
148000 1264
152000 1169
156000 778
160000 1041
164000 2385
168000 1396
172000 1625
176000 1573
180000 2217
184000 2358
188000 2167
192000 1450
196000 1666
200000 1911
204000 1575
208000 2167
212000 1320
216000 1615
220000 1633
224000 1601
228000 1867
232000 2597
236000 1323
240000 2670
244000 2159
248000 2302
252000 1175
256000 2774
260000 2598
264000 1650
268000 3787
272000 2938
276000 2877
280000 2714
284000 3766
288000 2696
292000 3737
296000 2773
300000 2026
304000 2360
308000 2794
312000 2805
316000 3338
320000 3029
324000 2022
328000 4229
332000 4303
336000 4032
340000 3149
344000 3422
348000 3588
352000 4481
356000 4904
360000 3160
364000 3415
368000 3681
372000 3768
376000 4075
380000 4419
384000 5345
388000 4303
392000 5259
396000 3687
400000 4466
404000 3890
408000 4785
412000 4357
416000 4338
420000 4289
424000 5303
428000 5316
432000 4760
436000 6067
440000 5800
444000 3696
448000 5665
452000 5533
456000 5111
460000 4135
464000 4474
468000 4332
472000 5051
476000 5471
480000 6016
484000 5454
488000 6299
492000 5510
496000 6531
500000 6098
504000 5787
508000 5920
512000 6725
516000 5691
520000 6222
524000 4717
528000 5601
532000 5244
536000 5899
540000 6538
544000 6265
548000 7177
552000 5828
556000 7077
560000 6514
564000 7260
568000 5512
572000 6405
576000 7218
580000 7193
584000 7193
588000 6786
592000 6491
596000 5360
600000 6527
604000 7061
608000 7305
612000 7109
616000 6567
620000 7195
624000 6389
628000 7476
632000 4573
636000 7629
640000 7015
644000 5359
648000 6006
652000 6730
656000 7205
660000 6397
664000 7131
668000 5264
672000 6167
676000 6828
680000 6250
684000 7282
688000 7938
692000 5469
696000 7747
700000 7944
704000 7393
708000 7207
712000 7926
716000 7906
720000 8003
724000 7497
728000 5857
732000 7649
736000 7039
740000 8238
744000 7225
748000 8051
752000 7744
756000 8062
760000 8024
764000 7343
768000 8599
772000 7010
776000 8366
780000 6701
784000 7624
788000 7172
792000 6932
796000 8606
800000 4873
804000 8024
808000 8459
812000 7470
816000 8573
820000 7793
824000 8394
828000 8721
832000 7974
836000 8591
840000 8717
844000 8113
848000 6632
852000 6033
856000 8949
860000 8705
864000 7878
868000 8082
872000 7255
876000 8955
880000 8073
884000 6405
888000 8464
892000 8961
896000 8021
900000 6502
904000 8678
908000 7995
912000 9126
916000 8453
920000 6668
924000 8076
928000 6141
932000 6827
936000 9195
940000 6988
944000 6692
948000 7568
952000 8118
956000 2996
960000 5698
964000 8072
968000 7970
972000 8468
976000 7395
980000 8681
984000 8700
988000 8290
992000 8809
996000 6546
1000000 9084
