4000 47
8000 132
12000 176
16000 223
20000 278
24000 245
28000 315
32000 322
36000 133
40000 368
44000 338
48000 343
52000 325
56000 345
60000 341
64000 332
68000 392
72000 351
76000 405
80000 415
84000 381
88000 413
92000 406
96000 442
100000 453
104000 503
108000 556
112000 556
116000 601
120000 676
124000 676
128000 707
132000 710
136000 724
140000 755
144000 735
148000 736
152000 674
156000 1054
160000 1046
164000 1103
168000 899
172000 1115
176000 1491
180000 1070
184000 2117
188000 2944
192000 1380
196000 1388
200000 1187
204000 1006
208000 1600
212000 1206
216000 2094
220000 1221
224000 958
228000 2768
232000 2836
236000 2459
240000 2430
244000 2537
248000 2967
252000 1922
256000 1397
260000 1271
264000 3375
268000 3346
272000 1446
276000 1055
280000 690
284000 2491
288000 2969
292000 3102
296000 2835
300000 3181
304000 2895
308000 3197
312000 3381
316000 1262
320000 2394
324000 3407
328000 3048
332000 3117
336000 1515
340000 3231
344000 1937
348000 3339
352000 3371
356000 2228
360000 3370
364000 3420
368000 1911
372000 1867
376000 1981
380000 3200
384000 1797
388000 2796
392000 1114
396000 1165
400000 1124
404000 1431
408000 757
412000 1720
416000 1016
420000 868
424000 2555
428000 3194
432000 1946
436000 3212
440000 1958
444000 3234
448000 1504
452000 3203
456000 2844
460000 1847
464000 3402
468000 3388
472000 3405
476000 3367
480000 3237
484000 2771
488000 2125
492000 2847
496000 3198
500000 1741
504000 1895
508000 3360
512000 3319
516000 3379
520000 2658
524000 1976
528000 1264
532000 3357
536000 2423
540000 3335
544000 2049
548000 3190
552000 2318
556000 3362
560000 1453
564000 3357
568000 3396
572000 1105
576000 2798
580000 3420
584000 3408
588000 2722
592000 3330
596000 1602
600000 1526
604000 3016
608000 2607
612000 2793
616000 1231
620000 1907
624000 2399
628000 3399
632000 2781
636000 2716
640000 3024
644000 1573
648000 3409
652000 3039
656000 3286
660000 1730
664000 3478
668000 3226
672000 2472
676000 1288
680000 2563
684000 1652
688000 2369
692000 3021
696000 2375
700000 2169
704000 1532
708000 1470
712000 2638
716000 3433
720000 2824
724000 1609
728000 3276
732000 2252
736000 1429
740000 1340
744000 2190
748000 3523
752000 3475
756000 2071
760000 2634
764000 3559
768000 3521
772000 3253
776000 3470
780000 3488
784000 3528
788000 2441
792000 3494
796000 3496
800000 2011
804000 3487
808000 1815
812000 1475
816000 2649
820000 1300
824000 2178
828000 2556
832000 1686
836000 3051
840000 3408
844000 3571
848000 3132
852000 1808
856000 2859
860000 3525
864000 1676
868000 3608
872000 3408
876000 2633
880000 3678
884000 1887
888000 2909
892000 3156
896000 3622
900000 3538
904000 2304
908000 3649
912000 3616
916000 2849
920000 3493
924000 3250
928000 2577
932000 3289
936000 2988
940000 3507
944000 1679
948000 3243
952000 2583
956000 3194
960000 2777
964000 1724
968000 2107
972000 2632
976000 1568
980000 2021
984000 3146
988000 1810
992000 3671
996000 2206
1000000 2199
