4000 58
8000 151
12000 374
16000 394
20000 376
24000 385
28000 874
32000 619
36000 334
40000 278
44000 481
48000 1028
52000 1030
56000 423
60000 582
64000 1902
68000 365
72000 532
76000 2036
80000 1950
84000 1035
88000 1080
92000 786
96000 886
100000 850
104000 589
108000 900
112000 2434
116000 2170
120000 1236
124000 1564
128000 2005
132000 656
136000 1429
140000 2674
144000 1029
148000 2186
152000 1993
156000 2220
160000 1555
164000 1849
168000 1556
172000 2025
176000 1871
180000 1800
184000 2455
188000 2242
192000 2173
196000 2066
200000 1656
204000 1833
208000 2080
212000 1316
216000 2354
220000 1913
224000 2483
228000 1897
232000 2227
236000 1225
240000 1863
244000 2243
248000 1768
252000 2013
256000 2229
260000 2141
264000 2101
268000 1993
272000 1945
276000 1791
280000 1379
284000 2216
288000 1685
292000 2255
296000 2052
300000 2137
304000 2173
308000 2109
312000 2157
316000 645
320000 1921
324000 2299
328000 2206
332000 2212
336000 2341
340000 2212
344000 2369
348000 2382
352000 2014
356000 2065
360000 2056
364000 2365
368000 2024
372000 2149
376000 1787
380000 1852
384000 1780
388000 2137
392000 2298
396000 1974
400000 2066
404000 2010
408000 2141
412000 2401
416000 2363
420000 2095
424000 1741
428000 2177
432000 1729
436000 1925
440000 2317
444000 1936
448000 1497
452000 2100
456000 2112
460000 2337
464000 2132
468000 2518
472000 2324
476000 2321
480000 2284
484000 2272
488000 2362
492000 2224
496000 2124
500000 2151
504000 2263
508000 2253
512000 2125
516000 2104
520000 2270
524000 443
528000 1873
532000 2306
536000 1972
540000 2237
544000 1809
548000 1891
552000 2002
556000 2241
560000 2093
564000 2152
568000 1873
572000 2151
576000 2222
580000 2211
584000 2134
588000 2110
592000 2313
596000 2226
600000 2264
604000 2001
608000 1963
612000 2059
616000 2243
620000 2339
624000 1955
628000 2238
632000 645
636000 2272
640000 2179
644000 1960
648000 2302
652000 2482
656000 2158
660000 2336
664000 2167
668000 960
672000 2225
676000 2290
680000 2277
684000 2262
688000 2307
692000 2242
696000 2155
700000 2422
704000 1401
708000 2305
712000 2066
716000 2143
720000 2373
724000 2458
728000 2480
732000 2376
736000 2343
740000 2420
744000 2286
748000 2436
752000 2271
756000 2662
760000 2359
764000 2338
768000 2358
772000 2441
776000 2342
780000 2429
784000 2543
788000 2562
792000 2742
796000 2288
800000 2403
804000 2333
808000 2370
812000 2489
816000 2231
820000 2341
824000 2416
828000 2592
832000 2402
836000 2402
840000 2540
844000 2516
848000 2578
852000 2315
856000 2591
860000 2336
864000 2473
868000 2705
872000 2591
876000 2436
880000 2572
884000 2448
888000 2358
892000 2420
896000 2722
900000 2343
904000 2663
908000 2407
912000 2288
916000 2019
920000 2223
924000 2221
928000 2359
932000 2394
936000 2505
940000 2416
944000 2587
948000 2294
952000 2419
956000 2633
960000 2693
964000 2317
968000 2345
972000 2417
976000 2340
980000 2524
984000 2110
988000 2548
992000 2457
996000 2424
1000000 2448
