4000 58
8000 72
12000 933
16000 576
20000 554
24000 348
28000 631
32000 1408
36000 936
40000 1311
44000 853
48000 1647
52000 284
56000 1063
60000 1677
64000 733
68000 1518
72000 1474
76000 2785
80000 1073
84000 1641
88000 2588
92000 2402
96000 2208
100000 2627
104000 1457
108000 2172
112000 2281
116000 2936
120000 3080
124000 1600
128000 2900
132000 2980
136000 2359
140000 2748
144000 3140
148000 1624
152000 3061
156000 2890
160000 2271
164000 3133
168000 1999
172000 3047
176000 2489
180000 2924
184000 3105
188000 3099
192000 2763
196000 3158
200000 3175
204000 3028
208000 3164
212000 2364
216000 3183
220000 3170
224000 3208
228000 3169
232000 3017
236000 3193
240000 3204
244000 2980
248000 3285
252000 2881
256000 3213
260000 2929
264000 3317
268000 3180
272000 2412
276000 3334
280000 3263
284000 2668
288000 2517
292000 3144
296000 3341
300000 2422
304000 3313
308000 3234
312000 3122
316000 2925
320000 3041
324000 3159
328000 2218
332000 2776
336000 343
340000 3130
344000 3026
348000 3121
352000 2757
356000 1010
360000 3346
364000 1221
368000 3228
372000 3305
376000 3340
380000 3041
384000 3170
388000 2335
392000 3224
396000 3220
400000 3218
404000 3104
408000 3398
412000 3388
416000 2060
420000 3221
424000 1986
428000 3257
432000 1022
436000 1361
440000 1698
444000 3185
448000 1558
452000 2814
456000 2810
460000 3671
464000 2216
468000 3456
472000 3564
476000 3092
480000 3179
484000 3530
488000 3558
492000 3561
496000 3560
500000 3642
504000 28
508000 1457
512000 3560
516000 3611
520000 3561
524000 3618
528000 3615
532000 3639
536000 3678
540000 3614
544000 3181
548000 3519
552000 3598
556000 3626
560000 3590
564000 3288
568000 2418
572000 3623
576000 3685
580000 3568
584000 3680
588000 3469
592000 3264
596000 3693
600000 3678
604000 3624
608000 3658
612000 3654
616000 3650
620000 2978
624000 2382
628000 3551
632000 3301
636000 3645
640000 3424
644000 3445
648000 3650
652000 2115
656000 3456
660000 3698
664000 3604
668000 3481
672000 3068
676000 3651
680000 3447
684000 3604
688000 3682
692000 3662
696000 3401
700000 3621
704000 3658
708000 3702
712000 3679
716000 3190
720000 3558
724000 3591
728000 3439
732000 3507
736000 3682
740000 3619
744000 3624
748000 3686
752000 3666
756000 3663
760000 3666
764000 3437
768000 3625
772000 3656
776000 2589
780000 3656
784000 3684
788000 3494
792000 3630
796000 3644
800000 3372
804000 3703
808000 3670
812000 3710
816000 3618
820000 3638
824000 3678
828000 3642
832000 3638
836000 3680
840000 3657
844000 3631
848000 3614
852000 3674
856000 3587
860000 2132
864000 3657
868000 3597
872000 3629
876000 3665
880000 3100
884000 1915
888000 3425
892000 3451
896000 3690
900000 2954
904000 3575
908000 3692
912000 3710
916000 3667
920000 3669
924000 3646
928000 1961
932000 3602
936000 3663
940000 3520
944000 3496
948000 1830
952000 2478
956000 2088
960000 1898
964000 3683
968000 3450
972000 3693
976000 2306
980000 3682
984000 3666
988000 3665
992000 3698
996000 3690
1000000 2805
