4000 40
8000 167
12000 216
16000 231
20000 229
24000 899
28000 461
32000 386
36000 381
40000 399
44000 317
48000 443
52000 428
56000 349
60000 374
64000 406
68000 329
72000 754
76000 549
80000 389
84000 490
88000 543
92000 695
96000 192
100000 549
104000 922
108000 1240
112000 496
116000 1062
120000 1393
124000 2517
128000 2305
132000 1560
136000 1270
140000 1412
144000 2101
148000 2101
152000 3049
156000 2735
160000 2441
164000 994
168000 1177
172000 1536
176000 1448
180000 964
184000 1590
188000 1270
192000 2087
196000 1312
200000 1476
204000 664
208000 1494
212000 1315
216000 1277
220000 1213
224000 1140
228000 2136
232000 2432
236000 1587
240000 2127
244000 1321
248000 1614
252000 1625
256000 1647
260000 2007
264000 1101
268000 1446
272000 2547
276000 2680
280000 3082
284000 2731
288000 1627
292000 2775
296000 2811
300000 1886
304000 2783
308000 2118
312000 2247
316000 1078
320000 1538
324000 1112
328000 1882
332000 1405
336000 2989
340000 3144
344000 1919
348000 1437
352000 1441
356000 3032
360000 2894
364000 1908
368000 2487
372000 2837
376000 1778
380000 1882
384000 3330
388000 3246
392000 2693
396000 1387
400000 2386
404000 3271
408000 1361
412000 2476
416000 2636
420000 2328
424000 2330
428000 1607
432000 3204
436000 2975
440000 2363
444000 1809
448000 1981
452000 2203
456000 1439
460000 2101
464000 1901
468000 3345
472000 3414
476000 1307
480000 1249
484000 3185
488000 1787
492000 1221
496000 1438
500000 1472
504000 1445
508000 2429
512000 1467
516000 3218
520000 1136
524000 1545
528000 1608
532000 2882
536000 2095
540000 2353
544000 1604
548000 3456
552000 2223
556000 2280
560000 2124
564000 1388
568000 1683
572000 1945
576000 2729
580000 3465
584000 1784
588000 2492
592000 1629
596000 3189
600000 1768
604000 1992
608000 1810
612000 1554
616000 1637
620000 1504
624000 3151
628000 1481
632000 1344
636000 1653
640000 2403
644000 1736
648000 2795
652000 1613
656000 3037
660000 1428
664000 1479
668000 1374
672000 1438
676000 1472
680000 1351
684000 1501
688000 1568
692000 2140
696000 1597
700000 2218
704000 1437
708000 1576
712000 1986
716000 1616
720000 1686
724000 1286
728000 1362
732000 1541
736000 1939
740000 1674
744000 1550
748000 1616
752000 1651
756000 3440
760000 1751
764000 2388
768000 2359
772000 1696
776000 1539
780000 1606
784000 1536
788000 1353
792000 1740
796000 2370
800000 1589
804000 1250
808000 3236
812000 1750
816000 1550
820000 2027
824000 1308
828000 2975
832000 1754
836000 1771
840000 1576
844000 2499
848000 1407
852000 1644
856000 1763
860000 1591
864000 2152
868000 1284
872000 2386
876000 1556
880000 1985
884000 3505
888000 1724
892000 3372
896000 3493
900000 2325
904000 2184
908000 2480
912000 2302
916000 3002
920000 1964
924000 3427
928000 1638
932000 1409
936000 3498
940000 2267
944000 1905
948000 2687
952000 1692
956000 3430
960000 2390
964000 1538
968000 2820
972000 2658
976000 3536
980000 2734
984000 3593
988000 3166
992000 2527
996000 2926
1000000 1716
