4000 74
8000 42
12000 374
16000 393
20000 302
24000 1227
28000 631
32000 516
36000 457
40000 901
44000 1002
48000 704
52000 1101
56000 920
60000 842
64000 686
68000 1601
72000 1251
76000 1350
80000 1749
84000 1633
88000 1784
92000 1763
96000 1940
100000 1369
104000 1793
108000 2176
112000 1680
116000 2159
120000 1525
124000 993
128000 1316
132000 2025
136000 2483
140000 2504
144000 2639
148000 2520
152000 2386
156000 2640
160000 2675
164000 2676
168000 2698
172000 2792
176000 2423
180000 2991
184000 2982
188000 2838
192000 3040
196000 2512
200000 2862
204000 2873
208000 3030
212000 2873
216000 2673
220000 2994
224000 2975
228000 2979
232000 2744
236000 2778
240000 3075
244000 3020
248000 3031
252000 2849
256000 2929
260000 3087
264000 3186
268000 3016
272000 2964
276000 3126
280000 3282
284000 3014
288000 3002
292000 2921
296000 3213
300000 3210
304000 3113
308000 3153
312000 3262
316000 3230
320000 3131
324000 2664
328000 3078
332000 2981
336000 3093
340000 3162
344000 3271
348000 2380
352000 3212
356000 3264
360000 3213
364000 3317
368000 3072
372000 3206
376000 3231
380000 3144
384000 2857
388000 3220
392000 3160
396000 3043
400000 3106
404000 3209
408000 3275
412000 2790
416000 3283
420000 3280
424000 3372
428000 3298
432000 3302
436000 3336
440000 3370
444000 3265
448000 1330
452000 3349
456000 3267
460000 3227
464000 3359
468000 3266
472000 3004
476000 3318
480000 3357
484000 3237
488000 3249
492000 3279
496000 3204
500000 3245
504000 3377
508000 3388
512000 3189
516000 3389
520000 3420
524000 3379
528000 3227
532000 3350
536000 3316
540000 3336
544000 3285
548000 3182
552000 3219
556000 3380
560000 3206
564000 3290
568000 3362
572000 3330
576000 3291
580000 3363
584000 3364
588000 3369
592000 3326
596000 3363
600000 3364
604000 3390
608000 3285
612000 3367
616000 3285
620000 3276
624000 3379
628000 3382
632000 3391
636000 3273
640000 3408
644000 3378
648000 3367
652000 3305
656000 3303
660000 3389
664000 3209
668000 3146
672000 3366
676000 3365
680000 3375
684000 3388
688000 3313
692000 3330
696000 3312
700000 3370
704000 3391
708000 3341
712000 3335
716000 1640
720000 3373
724000 3225
728000 3205
732000 3305
736000 3333
740000 3135
744000 3317
748000 3125
752000 2611
756000 3292
760000 3365
764000 3390
768000 3317
772000 3292
776000 3253
780000 3355
784000 3314
788000 3339
792000 3353
796000 3382
800000 3403
804000 3348
808000 3358
812000 3331
816000 3363
820000 3166
824000 3358
828000 3365
832000 3400
836000 3365
840000 3400
844000 2744
848000 3387
852000 3319
856000 3381
860000 3223
864000 3277
868000 3362
872000 3391
876000 3312
880000 3302
884000 3371
888000 3363
892000 3395
896000 3418
900000 3273
904000 3055
908000 3411
912000 3434
916000 3350
920000 3403
924000 3222
928000 3386
932000 3352
936000 3427
940000 3417
944000 3419
948000 3377
952000 3429
956000 3161
960000 3487
964000 3321
968000 3410
972000 3091
976000 3390
980000 3434
984000 3415
988000 3399
992000 3369
996000 3239
1000000 3377
