4000 59
8000 136
12000 1004
16000 199
20000 324
24000 476
28000 277
32000 426
36000 398
40000 361
44000 686
48000 1034
52000 846
56000 841
60000 532
64000 471
68000 663
72000 936
76000 1599
80000 1915
84000 1258
88000 752
92000 796
96000 994
100000 1303
104000 586
108000 1214
112000 2000
116000 1490
120000 1242
124000 1248
128000 2119
132000 2705
136000 1545
140000 2479
144000 911
148000 1334
152000 1407
156000 1672
160000 881
164000 1639
168000 1935
172000 1985
176000 1504
180000 470
184000 1730
188000 2074
192000 1640
196000 1920
200000 1315
204000 2235
208000 1005
212000 888
216000 688
220000 620
224000 1389
228000 1044
232000 1719
236000 1028
240000 1449
244000 1495
248000 2712
252000 2214
256000 2324
260000 1862
264000 1965
268000 1897
272000 406
276000 2189
280000 1405
284000 772
288000 1723
292000 846
296000 1223
300000 1895
304000 1057
308000 1330
312000 837
316000 966
320000 1193
324000 1282
328000 1555
332000 1265
336000 1641
340000 1572
344000 1870
348000 2386
352000 934
356000 1152
360000 1521
364000 413
368000 1336
372000 2099
376000 1261
380000 1771
384000 1901
388000 841
392000 1280
396000 1775
400000 1391
404000 1090
408000 1482
412000 1384
416000 1313
420000 1800
424000 1884
428000 692
432000 1877
436000 1539
440000 2233
444000 1027
448000 1638
452000 1129
456000 1371
460000 1261
464000 1525
468000 405
472000 1405
476000 1602
480000 1498
484000 1394
488000 1611
492000 1403
496000 731
500000 1533
504000 2263
508000 1400
512000 1110
516000 987
520000 1237
524000 1661
528000 1231
532000 1821
536000 1658
540000 2274
544000 1121
548000 1034
552000 1077
556000 1316
560000 1066
564000 1239
568000 740
572000 1368
576000 1285
580000 2045
584000 2002
588000 1553
592000 1885
596000 2231
600000 1638
604000 1587
608000 1300
612000 1442
616000 985
620000 1187
624000 1454
628000 1178
632000 1175
636000 1316
640000 1276
644000 1812
648000 1231
652000 1260
656000 1163
660000 1206
664000 1273
668000 1009
672000 1165
676000 1215
680000 1004
684000 1095
688000 1488
692000 922
696000 977
700000 1744
704000 1563
708000 1046
712000 1368
716000 1270
720000 1398
724000 1269
728000 1162
732000 3050
736000 1317
740000 1122
744000 1344
748000 1190
752000 1643
756000 2172
760000 2767
764000 1206
768000 1094
772000 1782
776000 1544
780000 1220
784000 1167
788000 1369
792000 1278
796000 1334
800000 1358
804000 1384
808000 1458
812000 2117
816000 1380
820000 1682
824000 1396
828000 1121
832000 1762
836000 1450
840000 1547
844000 2243
848000 1530
852000 1020
856000 1285
860000 1759
864000 1393
868000 1282
872000 2536
876000 1491
880000 1567
884000 2378
888000 3100
892000 1444
896000 1951
900000 1320
904000 1497
908000 1425
912000 2495
916000 1635
920000 1505
924000 1223
928000 1503
932000 1196
936000 1563
940000 1366
944000 1290
948000 1117
952000 1680
956000 1205
960000 1324
964000 1349
968000 1823
972000 1690
976000 1244
980000 1790
984000 2101
988000 1227
992000 1800
996000 975
1000000 712
