4000 50
8000 41
12000 39
16000 1
20000 76
24000 66
28000 83
32000 82
36000 85
40000 93
44000 94
48000 123
52000 198
56000 211
60000 254
64000 169
68000 118
72000 112
76000 111
80000 33
84000 64
88000 71
92000 143
96000 183
100000 188
104000 39
108000 283
112000 207
116000 237
120000 979
124000 887
128000 253
132000 302
136000 282
140000 265
144000 394
148000 358
152000 379
156000 307
160000 367
164000 718
168000 1291
172000 501
176000 526
180000 543
184000 1383
188000 1403
192000 840
196000 1013
200000 693
204000 2457
208000 2020
212000 2398
216000 1515
220000 1929
224000 2509
228000 887
232000 899
236000 1015
240000 1538
244000 989
