4000 28
8000 866
12000 833
16000 299
20000 616
24000 249
28000 370
32000 749
36000 600
40000 1068
44000 1146
48000 1672
52000 1623
56000 2594
60000 2813
64000 3034
68000 1110
72000 2343
76000 2275
80000 978
84000 2140
88000 2858
92000 2087
96000 2538
100000 3070
104000 2978
108000 732
112000 3165
116000 3211
120000 901
124000 2993
128000 3087
132000 2050
136000 2430
140000 858
144000 3126
148000 2153
152000 2061
156000 1174
160000 2936
164000 3153
168000 3080
172000 2967
176000 3200
180000 1838
184000 2452
188000 3249
192000 3077
196000 3200
200000 2958
204000 2612
208000 2891
212000 3184
216000 2965
220000 995
224000 3159
228000 3177
232000 3249
236000 3031
240000 3266
244000 3256
248000 3290
252000 728
256000 3261
260000 3051
264000 3213
268000 2429
272000 753
276000 1763
280000 2861
284000 3162
288000 3011
292000 3162
296000 3178
300000 3167
304000 995
308000 3210
312000 3243
316000 3291
320000 3218
324000 2273
328000 3275
332000 3301
336000 3294
340000 3272
344000 3287
348000 1567
352000 3252
356000 2822
360000 3262
364000 3294
368000 3063
372000 3070
376000 3301
380000 3326
384000 3262
388000 3318
392000 3382
396000 1931
400000 3354
404000 3353
408000 3335
412000 3396
416000 1513
420000 3351
424000 3402
428000 1705
432000 3398
436000 2258
440000 3347
444000 2808
448000 1077
452000 3347
456000 3349
460000 3397
464000 3259
468000 3306
472000 3408
476000 3402
480000 3394
484000 3455
488000 3359
492000 3299
496000 3324
500000 3005
504000 3134
508000 3388
512000 3387
516000 21
520000 29
524000 3377
528000 3371
532000 3442
536000 3345
540000 929
544000 3359
548000 3439
552000 3386
556000 3378
560000 3405
564000 3396
568000 3327
572000 3321
576000 3040
580000 3316
584000 3419
588000 3471
592000 1122
596000 3375
600000 3281
604000 3214
608000 3042
612000 2721
616000 3407
620000 3345
624000 3474
628000 3523
632000 3392
636000 3402
640000 3508
644000 3354
648000 3466
652000 3120
656000 3412
660000 3440
664000 3319
668000 3385
672000 3522
676000 3402
680000 3436
684000 3386
688000 3457
692000 3350
696000 156
700000 2981
704000 2957
708000 2874
712000 93
716000 3391
720000 989
724000 3204
728000 3410
732000 3451
736000 3407
740000 3429
744000 3477
748000 3491
752000 3463
756000 3330
760000 3057
764000 3202
768000 3425
772000 3375
776000 2859
780000 3321
784000 3420
788000 3058
792000 3400
796000 2836
800000 3450
804000 3433
808000 2970
812000 2371
816000 3414
820000 3385
824000 3441
828000 3385
832000 3475
836000 3486
840000 3432
844000 3476
848000 3492
852000 3374
856000 3214
860000 3165
864000 3407
868000 2763
872000 3120
876000 72
880000 3441
884000 1442
888000 2926
892000 3188
896000 3436
900000 3476
904000 2620
908000 2893
912000 3424
916000 3417
920000 3492
924000 20
928000 3496
932000 3446
936000 2837
940000 3138
944000 3479
948000 3512
952000 3411
956000 3199
960000 2304
964000 2300
968000 3444
972000 3372
976000 3423
980000 3411
984000 3449
988000 3435
992000 2369
996000 3445
1000000 2120
