4000 20
8000 63
12000 1038
16000 8
20000 537
24000 311
28000 1006
32000 308
36000 475
40000 414
44000 1029
48000 1037
52000 1030
56000 1014
60000 1042
64000 969
68000 1008
72000 221
76000 278
80000 978
84000 967
88000 968
92000 970
96000 978
100000 990
104000 1000
108000 1029
112000 1330
116000 1039
120000 969
124000 971
128000 1043
132000 1150
136000 1119
140000 1322
144000 450
148000 292
152000 466
156000 972
160000 1208
164000 1043
168000 1024
172000 1052
176000 1097
180000 1160
184000 824
188000 507
192000 464
196000 1007
200000 1005
204000 998
208000 1071
212000 1030
216000 1141
220000 835
224000 750
228000 1558
232000 1221
236000 1173
240000 981
244000 1140
248000 974
252000 1309
256000 1230
260000 860
264000 1019
268000 983
272000 963
276000 774
280000 843
284000 735
288000 780
292000 629
296000 851
300000 851
304000 649
308000 746
312000 735
316000 725
320000 868
324000 844
328000 924
332000 875
336000 799
340000 848
344000 787
348000 945
352000 851
356000 666
360000 794
364000 855
368000 913
372000 954
376000 884
380000 1142
384000 948
388000 947
392000 1711
396000 944
400000 797
404000 2725
408000 976
412000 1802
416000 2316
420000 926
424000 841
428000 822
432000 914
436000 999
440000 932
444000 3079
448000 944
452000 701
456000 1158
460000 2486
464000 1704
468000 816
472000 1254
476000 1027
480000 1450
484000 1014
488000 955
492000 1606
496000 690
500000 1008
504000 1122
508000 1073
512000 1786
516000 937
520000 928
524000 1118
528000 1157
532000 917
536000 822
540000 1166
544000 1006
548000 932
552000 801
556000 1197
560000 1013
564000 914
568000 1023
572000 2687
576000 2097
580000 868
584000 1098
588000 2954
592000 1004
596000 924
600000 2381
604000 985
608000 943
612000 943
616000 1216
620000 963
624000 1010
628000 1046
632000 999
636000 820
640000 1053
644000 1028
648000 751
652000 967
656000 992
660000 1894
664000 1081
668000 828
672000 1034
676000 1233
680000 960
684000 2067
688000 1114
692000 1819
696000 1093
700000 1244
704000 1243
708000 1966
712000 1074
716000 1093
720000 1059
724000 1020
728000 1197
732000 966
736000 1088
740000 1189
744000 1025
748000 1269
752000 1057
756000 2128
760000 1312
764000 1730
768000 1188
772000 1200
776000 2095
780000 1242
784000 3117
788000 1154
792000 1112
796000 1546
800000 1094
804000 1430
808000 1509
812000 1177
816000 3202
820000 1115
824000 3442
828000 1027
832000 3173
836000 1062
840000 2589
844000 3072
848000 2344
852000 1099
856000 2894
860000 2440
864000 1142
868000 1071
872000 2931
876000 1161
880000 1190
884000 1134
888000 1511
892000 1292
896000 1124
900000 1114
904000 1182
908000 1108
912000 865
916000 1715
920000 1287
924000 3099
928000 1480
932000 3150
936000 3238
940000 1058
944000 3080
948000 1671
952000 1266
956000 1111
960000 2137
964000 987
968000 978
972000 1635
976000 3440
980000 3492
984000 1687
988000 1215
992000 1088
996000 1010
1000000 3508
