4000 19
8000 146
12000 66
16000 213
20000 230
24000 925
28000 1010
32000 245
36000 988
40000 997
44000 996
48000 322
52000 506
56000 444
60000 1020
64000 225
68000 251
72000 989
76000 985
80000 991
84000 1018
88000 870
92000 310
96000 446
100000 360
104000 971
108000 1047
112000 1047
116000 1044
120000 800
124000 1029
128000 1036
132000 1041
136000 1017
140000 1050
144000 1028
148000 1032
152000 411
156000 435
160000 1005
164000 1057
168000 1060
172000 1055
176000 1026
180000 1046
184000 1037
188000 1068
192000 1024
196000 1027
200000 1041
204000 1038
208000 1039
212000 1044
216000 1043
220000 1048
224000 584
228000 992
232000 664
236000 1037
240000 605
244000 1047
248000 250
252000 1031
256000 1038
260000 549
264000 443
268000 440
272000 1027
276000 1031
280000 1064
284000 1041
288000 1032
292000 576
296000 1056
300000 1058
304000 1004
308000 482
312000 488
316000 1035
320000 982
324000 544
328000 1043
332000 1044
336000 437
340000 1053
344000 682
348000 1056
352000 1063
356000 1054
360000 481
364000 1101
368000 1048
372000 1476
376000 1713
380000 1244
384000 1050
388000 1190
392000 453
396000 1465
400000 1281
404000 1210
408000 1464
412000 1750
416000 1665
420000 1489
424000 1052
428000 534
432000 1720
436000 1052
440000 1474
444000 1620
448000 1593
452000 1632
456000 1450
460000 1720
464000 1867
468000 2046
472000 1455
476000 1937
480000 1910
484000 1445
488000 1342
492000 1256
496000 2100
500000 2079
504000 1721
508000 1864
512000 1885
516000 1623
520000 2041
524000 1813
528000 2399
532000 1929
536000 2150
540000 1699
544000 2032
548000 2172
552000 2434
556000 2426
560000 2342
564000 2459
568000 519
572000 2376
576000 2559
580000 2767
584000 2534
588000 2739
592000 2625
596000 2532
600000 2583
604000 2599
608000 754
612000 1901
616000 2429
620000 2853
624000 1962
628000 2621
632000 2395
636000 2977
640000 2751
644000 2225
648000 3037
652000 2975
656000 2759
660000 2942
664000 3055
668000 2260
672000 1078
676000 2308
680000 968
684000 2931
688000 1381
692000 3097
696000 3089
700000 2921
704000 2772
708000 2339
712000 2106
716000 3063
720000 2697
724000 2566
728000 2915
732000 3041
736000 3155
740000 3163
744000 2869
748000 3101
752000 3189
756000 2958
760000 2775
764000 3022
768000 1692
772000 2092
776000 2946
780000 3050
784000 2740
788000 2978
792000 3037
796000 2960
800000 2851
804000 3036
808000 2961
812000 3073
816000 2910
820000 2882
824000 3142
828000 3052
832000 2711
836000 2203
840000 3104
844000 3038
848000 3014
852000 3007
856000 2748
860000 2794
864000 3191
868000 1413
872000 2581
876000 1080
880000 3145
884000 3099
888000 2042
892000 3083
896000 1218
900000 2289
904000 2817
908000 3177
912000 3123
916000 2834
920000 3159
924000 3203
928000 2779
932000 3038
936000 2691
940000 3218
944000 3248
948000 1304
952000 2840
956000 3122
960000 3177
964000 3312
968000 3038
972000 3190
976000 3270
980000 2878
984000 3088
988000 3182
992000 2799
996000 2966
1000000 3077
