4000 65
8000 175
12000 339
16000 288
20000 655
24000 1018
28000 312
32000 493
36000 149
40000 1002
44000 1192
48000 1000
52000 903
56000 1430
60000 1637
64000 1640
68000 1271
72000 1046
76000 1041
80000 1021
84000 1347
88000 1146
92000 1497
96000 1445
100000 1812
104000 1034
108000 1811
112000 1233
116000 2114
120000 2161
124000 1636
128000 1545
132000 1947
136000 1907
140000 1470
144000 1639
148000 1416
152000 1912
156000 1959
160000 1528
164000 2108
168000 2299
172000 1881
176000 2038
180000 2375
184000 2076
188000 2137
192000 2230
196000 2271
200000 2293
204000 2074
208000 2002
212000 2188
216000 2197
220000 2240
224000 2478
228000 2371
232000 2256
236000 2174
240000 2400
244000 2244
248000 2490
252000 2357
256000 2503
260000 2295
264000 2366
268000 2464
272000 2338
276000 2514
280000 2232
284000 2374
288000 2319
292000 2376
296000 2475
300000 2503
304000 2479
308000 2413
312000 2687
316000 2180
320000 2218
324000 2458
328000 2409
332000 2418
336000 2076
340000 2452
344000 2617
348000 2023
352000 2536
356000 2607
360000 643
364000 562
368000 2662
372000 2615
376000 2546
380000 2529
384000 2471
388000 2614
392000 2546
396000 2567
400000 2416
404000 2544
408000 1307
412000 2567
416000 2605
420000 2511
424000 2495
428000 2418
432000 2275
436000 2642
440000 2413
444000 2639
448000 2568
452000 2702
456000 2636
460000 2785
464000 2592
468000 2509
472000 2753
476000 2565
480000 2685
484000 2655
488000 2652
492000 2638
496000 2610
500000 2656
504000 2601
508000 2585
512000 2672
516000 2749
520000 2696
524000 2601
528000 2675
532000 2628
536000 2680
540000 2576
544000 2726
548000 2700
552000 2767
556000 2646
560000 2644
564000 2555
568000 2777
572000 2838
576000 2852
580000 2701
584000 2681
588000 2652
592000 2660
596000 2676
600000 2369
604000 2587
608000 2613
612000 2780
616000 2564
620000 2701
624000 2648
628000 2580
632000 2844
636000 2811
640000 2504
644000 2817
648000 2719
652000 2668
656000 2801
660000 2890
664000 2707
668000 2695
672000 2532
676000 2713
680000 2759
684000 2604
688000 2562
692000 2740
696000 2800
700000 2766
704000 2747
708000 2794
712000 2701
716000 2779
720000 2781
724000 2598
728000 2696
732000 2655
736000 2815
740000 2681
744000 2815
748000 2680
752000 2853
756000 2713
760000 3031
764000 2719
768000 2729
772000 2735
776000 2863
780000 2818
784000 2774
788000 2643
792000 2826
796000 2737
800000 2801
804000 2760
808000 2801
812000 2763
816000 2689
820000 2732
824000 2725
828000 2753
832000 2770
836000 2656
840000 2697
844000 2908
848000 2879
852000 2796
856000 2751
860000 1808
864000 2349
868000 2760
872000 2751
876000 2770
880000 2798
884000 2826
888000 2650
892000 2673
896000 2604
900000 2758
904000 2745
908000 2744
912000 2868
916000 2659
920000 2804
924000 2877
928000 2751
932000 2718
936000 2692
940000 2824
944000 2770
948000 2924
952000 2781
956000 2801
960000 2648
964000 2844
968000 2825
972000 2873
976000 2857
980000 2877
984000 2921
988000 2789
992000 3040
996000 2867
1000000 2920
