4000 58
8000 42
12000 37
16000 0
20000 7
24000 87
28000 110
32000 54
36000 90
40000 84
44000 187
48000 141
52000 156
56000 194
60000 1000
64000 951
68000 983
72000 131
76000 385
80000 347
84000 406
88000 941
92000 1015
96000 382
100000 1007
104000 968
108000 1034
112000 701
116000 1020
120000 819
124000 686
128000 541
132000 491
136000 448
140000 1037
144000 982
148000 989
152000 1031
156000 1043
160000 1050
164000 1053
168000 575
172000 653
176000 497
180000 1058
184000 936
188000 575
192000 563
196000 820
200000 845
204000 758
208000 1039
212000 952
216000 683
220000 1031
224000 1054
228000 751
232000 840
236000 565
240000 921
244000 1016
248000 858
252000 789
256000 1012
260000 1045
264000 1290
268000 315
272000 434
276000 789
280000 841
284000 660
288000 658
292000 717
296000 675
300000 1038
304000 1036
308000 1052
312000 1070
316000 1091
320000 1096
324000 1178
328000 895
332000 1074
336000 1093
340000 1078
344000 865
348000 980
352000 1113
356000 1098
360000 1005
364000 1034
368000 1111
372000 1133
376000 1054
380000 1056
384000 1049
388000 682
392000 1003
396000 1095
400000 1115
404000 1340
408000 1298
412000 1016
416000 1266
420000 1164
424000 1269
428000 1286
432000 1266
436000 1398
440000 1470
444000 1414
448000 1277
452000 1200
456000 1337
460000 1404
464000 1215
468000 1309
472000 1224
476000 1088
480000 1506
484000 1428
488000 1241
492000 1292
496000 941
500000 1228
504000 1383
508000 1364
512000 859
516000 1448
520000 849
524000 1465
528000 1476
532000 1306
536000 1368
540000 1444
544000 1572
548000 1441
552000 1361
556000 1527
560000 1490
564000 1616
568000 1576
572000 925
576000 1575
580000 1609
584000 1440
588000 1369
592000 1608
596000 1604
600000 1537
604000 1474
608000 1531
612000 731
616000 1490
620000 1455
624000 992
628000 1579
632000 1457
636000 1521
640000 1557
644000 1536
648000 1551
652000 1480
656000 1579
660000 1363
664000 987
668000 1501
672000 1554
676000 1599
680000 1527
684000 1598
688000 1525
692000 1601
696000 1580
700000 1533
704000 1570
708000 1563
712000 1530
716000 1636
720000 1491
724000 1046
728000 1558
732000 1293
736000 1599
740000 1665
744000 1660
748000 1659
752000 1238
756000 1568
760000 1612
764000 1476
768000 1520
772000 1558
776000 1584
780000 1572
784000 1579
788000 1496
792000 1280
796000 1169
800000 1632
804000 1429
808000 1411
812000 1493
816000 1610
820000 1302
824000 1616
828000 1091
832000 1627
836000 1542
840000 1345
844000 1614
848000 737
852000 1251
856000 1606
860000 1613
864000 1559
868000 1700
872000 1505
876000 1444
880000 1592
884000 745
888000 1620
892000 1443
896000 1556
900000 1528
904000 1695
908000 1617
912000 1538
916000 1544
920000 1590
924000 1435
928000 1494
932000 1550
936000 1693
940000 1688
944000 1519
948000 1551
952000 1347
956000 1246
960000 1430
964000 1667
968000 1391
972000 1207
976000 1666
980000 1643
984000 1637
988000 1458
992000 1551
996000 1477
1000000 669
