4000 46
8000 206
12000 654
16000 328
20000 1284
24000 623
28000 575
32000 510
36000 405
40000 835
44000 901
48000 1738
52000 999
56000 195
60000 234
64000 814
68000 450
72000 894
76000 1525
80000 1502
84000 1865
88000 1663
92000 2130
96000 1438
100000 1285
104000 2369
108000 2144
112000 1426
116000 2367
120000 2274
124000 1568
128000 2486
132000 1651
136000 2072
140000 2058
144000 2312
148000 2206
152000 2609
156000 2599
160000 2524
164000 703
168000 1324
172000 1631
176000 1251
180000 2047
184000 2191
188000 1470
192000 1666
196000 2381
200000 2102
204000 2359
208000 1237
212000 2083
216000 2143
220000 2136
224000 2633
228000 1423
232000 1774
236000 1730
240000 2214
244000 1219
248000 2165
252000 1526
256000 1272
260000 1072
264000 1403
268000 782
272000 1688
276000 2404
280000 2203
284000 1458
288000 1782
292000 1448
296000 1696
300000 1558
304000 1587
308000 1760
312000 400
316000 1225
320000 2251
324000 2395
328000 2005
332000 2023
336000 1775
340000 1523
344000 1833
348000 1459
352000 1799
356000 2352
360000 1700
364000 2039
368000 1985
372000 2520
376000 2230
380000 2239
384000 2268
388000 2166
392000 2003
396000 2379
400000 2469
404000 2191
408000 1978
412000 1557
416000 1392
420000 1919
424000 1974
428000 1441
432000 1854
436000 1363
440000 1813
444000 1608
448000 1520
452000 1497
456000 737
460000 2210
464000 1734
468000 1867
472000 1881
476000 2323
480000 1262
484000 1728
488000 2096
492000 1176
496000 2144
500000 708
504000 2631
508000 966
512000 1116
516000 2492
520000 2696
524000 1968
528000 1084
532000 1988
536000 1343
540000 1972
544000 1578
548000 1122
552000 2042
556000 2461
560000 2062
564000 2237
568000 2330
572000 2541
576000 1688
580000 1826
584000 2471
588000 2410
592000 1865
596000 2465
600000 1506
604000 1942
608000 1190
612000 1362
616000 1079
620000 1009
624000 564
628000 2225
632000 2369
636000 1776
640000 1550
644000 2981
648000 2173
652000 1195
656000 871
660000 2086
664000 1852
668000 1872
672000 1284
676000 2183
680000 1856
684000 1669
688000 1356
692000 1386
696000 1851
700000 2514
704000 2372
708000 2335
712000 1246
716000 1376
720000 2188
724000 1675
728000 2417
732000 2525
736000 1583
740000 1689
744000 1747
748000 1244
752000 1152
756000 1855
760000 2853
764000 2130
768000 2399
772000 2507
776000 1972
780000 2976
784000 1947
788000 1361
792000 2990
796000 2556
800000 1134
804000 2289
808000 2195
812000 1869
816000 838
820000 816
824000 2189
828000 3051
832000 933
836000 2174
840000 2112
844000 2666
848000 2591
852000 2374
856000 2387
860000 1235
864000 3242
868000 1585
872000 2313
876000 2248
880000 2000
884000 2920
888000 1501
892000 2919
896000 1813
900000 2531
904000 1984
908000 1503
912000 2110
916000 3240
920000 1624
924000 2339
928000 1488
932000 3088
936000 3030
940000 2377
944000 1177
948000 1214
952000 1236
956000 1370
960000 1532
964000 2662
968000 1945
972000 1179
976000 1983
980000 2273
984000 2772
988000 1981
992000 1024
996000 1300
1000000 1359
