4000 42
8000 174
12000 277
16000 271
20000 331
24000 465
28000 340
32000 610
36000 516
40000 686
44000 842
48000 838
52000 904
56000 1137
60000 1054
64000 1488
68000 954
72000 1832
76000 2619
80000 1382
84000 1238
88000 963
92000 1054
96000 1048
100000 1289
104000 1435
108000 1562
112000 1817
116000 1701
120000 2064
124000 1498
128000 2175
132000 2457
136000 2552
140000 2301
144000 2646
148000 2009
152000 1962
156000 1878
160000 1965
164000 1840
168000 2673
172000 2393
176000 2126
180000 2427
184000 1543
188000 1764
192000 1181
196000 1612
200000 1348
204000 2627
208000 1995
212000 1883
216000 2188
220000 1585
224000 2056
228000 1455
232000 2601
236000 2158
240000 1779
244000 2253
248000 1471
252000 2220
256000 1749
260000 2875
264000 1659
268000 2039
272000 1649
276000 1911
280000 2267
284000 1462
288000 1098
292000 1538
296000 2233
300000 1922
304000 1460
308000 1507
312000 1345
316000 1170
320000 1975
324000 1539
328000 1475
332000 1817
336000 1492
340000 1512
344000 2006
348000 2021
352000 2151
356000 2516
360000 1137
364000 1740
368000 1247
372000 1966
376000 1727
380000 1183
384000 2053
388000 1893
392000 1546
396000 1271
400000 1630
404000 2365
408000 2599
412000 2510
416000 2843
420000 2315
424000 2258
428000 1584
432000 1468
436000 1873
440000 1450
444000 1674
448000 1608
452000 1283
456000 1740
460000 2561
464000 1344
468000 1564
472000 2021
476000 1293
480000 2256
484000 1503
488000 1540
492000 2349
496000 1839
500000 1800
504000 1803
508000 1760
512000 1549
516000 2933
520000 1789
524000 1063
528000 2231
532000 1845
536000 1294
540000 2764
544000 1726
548000 1862
552000 2611
556000 1750
560000 1729
564000 2475
568000 2853
572000 2631
576000 2493
580000 2162
584000 2794
588000 2638
592000 2085
596000 2284
600000 2965
604000 2836
608000 1801
612000 2578
616000 2390
620000 1888
624000 2180
628000 2429
632000 2190
636000 2152
640000 2132
644000 2129
648000 1957
652000 1888
656000 1447
660000 2153
664000 1519
668000 2880
672000 2132
676000 3170
680000 2257
684000 2798
688000 1976
692000 1375
696000 1701
700000 1588
704000 1468
708000 1864
712000 1767
716000 1648
720000 1734
724000 1331
728000 1638
732000 1631
736000 1468
740000 1656
744000 1413
748000 2832
752000 1798
756000 1210
760000 1896
764000 1941
768000 3054
772000 1506
776000 1397
780000 1504
784000 1665
788000 1346
792000 1922
796000 1766
800000 1741
804000 1452
808000 1343
812000 2287
816000 2450
820000 1957
824000 2696
828000 1603
832000 2778
836000 2003
840000 1589
844000 1452
848000 1742
852000 1551
856000 1164
860000 1088
864000 1498
868000 1159
872000 1618
876000 1827
880000 1835
884000 1517
888000 1754
892000 1299
896000 1584
900000 1674
904000 2149
908000 1284
912000 1223
916000 2520
920000 1686
924000 3359
928000 2281
932000 1630
936000 1658
940000 2201
944000 1645
948000 2589
952000 2132
956000 2975
960000 1505
964000 1604
968000 2090
972000 1367
976000 1880
980000 1559
984000 1673
988000 1529
992000 2058
996000 1858
1000000 1582
