4000 44
8000 178
12000 1043
16000 537
20000 307
24000 359
28000 173
32000 466
36000 368
40000 375
44000 982
48000 981
52000 1025
56000 1036
60000 1223
64000 1505
68000 775
72000 274
76000 1103
80000 1618
84000 1473
88000 1851
92000 965
96000 317
100000 1974
104000 2041
108000 1796
112000 2794
116000 2762
120000 2551
124000 2484
128000 2492
132000 1756
136000 2356
140000 2730
144000 1325
148000 2874
152000 1060
156000 1653
160000 1597
164000 2547
168000 1119
172000 2055
176000 1295
180000 2330
184000 2336
188000 2514
192000 2258
196000 3037
200000 3101
204000 3047
208000 2047
212000 3126
216000 3144
220000 1804
224000 2255
228000 2820
232000 1904
236000 3122
240000 2237
244000 2900
248000 3162
252000 2430
256000 1782
260000 3205
264000 3230
268000 3058
272000 3196
276000 1319
280000 3228
284000 3188
288000 3196
292000 2555
296000 3091
300000 3113
304000 3214
308000 3209
312000 3246
316000 3209
320000 3184
324000 3201
328000 3188
332000 3197
336000 3195
340000 3164
344000 2895
348000 3235
352000 3259
356000 3238
360000 3246
364000 3281
368000 3242
372000 3264
376000 3225
380000 3282
384000 3288
388000 3286
392000 3279
396000 3205
400000 1947
404000 3265
408000 3236
412000 3293
416000 3218
420000 3206
424000 3230
428000 3301
432000 3274
436000 3288
440000 3051
444000 3276
448000 3294
452000 3308
456000 3289
460000 3263
464000 3267
468000 3226
472000 3237
476000 3254
480000 3242
484000 3288
488000 3273
492000 3058
496000 3295
500000 3224
504000 3256
508000 3271
512000 3261
516000 3249
520000 3257
524000 3288
528000 3267
532000 3288
536000 3269
540000 3275
544000 3264
548000 3338
552000 3270
556000 3306
560000 3304
564000 3264
568000 3283
572000 3288
576000 3269
580000 3300
584000 3293
588000 3277
592000 2295
596000 3313
600000 3327
604000 3292
608000 3304
612000 3281
616000 3281
620000 3276
624000 3258
628000 3320
632000 3327
636000 3227
640000 3258
644000 3286
648000 3263
652000 3316
656000 2857
660000 3227
664000 3286
668000 3302
672000 3265
676000 3320
680000 3306
684000 3291
688000 3332
692000 3297
696000 3330
700000 3318
704000 3310
708000 3281
712000 3192
716000 3343
720000 3319
724000 3311
728000 3306
732000 3302
736000 3320
740000 530
744000 3356
748000 3146
752000 3299
756000 3303
760000 3309
764000 3362
768000 3332
772000 491
776000 2779
780000 3126
784000 3012
788000 3279
792000 1761
796000 581
800000 2681
804000 3294
808000 3289
812000 3262
816000 2418
820000 2032
824000 3324
828000 3310
832000 2728
836000 2906
840000 3107
844000 3346
848000 1521
852000 2216
856000 3318
860000 3268
864000 2968
868000 2537
872000 3351
876000 3301
880000 1864
884000 3319
888000 3349
892000 3319
896000 3329
900000 3117
904000 1633
908000 3412
912000 3328
916000 3374
920000 3115
924000 3347
928000 3337
932000 3318
936000 3331
940000 3307
944000 2419
948000 3357
952000 3375
956000 2883
960000 3330
964000 3334
968000 3365
972000 3363
976000 3372
980000 2403
984000 2237
988000 3368
992000 3132
996000 3390
1000000 2661
