4000 62
8000 42
12000 9
16000 75
20000 41
24000 118
28000 137
32000 131
36000 191
40000 1015
44000 991
48000 161
52000 1007
56000 1016
60000 324
64000 278
68000 422
72000 412
76000 1005
80000 1035
84000 1032
88000 1031
92000 648
96000 421
100000 343
104000 1032
108000 1044
112000 1034
116000 1036
120000 1047
124000 1045
128000 1040
132000 1049
136000 1056
140000 754
144000 950
148000 987
152000 520
156000 932
160000 806
164000 824
168000 939
172000 662
176000 922
180000 1043
184000 997
188000 1003
192000 987
196000 935
200000 601
204000 612
208000 581
212000 652
216000 665
220000 481
224000 461
228000 487
232000 488
236000 570
240000 713
244000 1056
248000 1051
252000 907
256000 618
260000 501
264000 678
268000 774
272000 559
276000 535
280000 560
284000 632
288000 864
292000 583
296000 679
300000 774
304000 1091
308000 861
312000 788
316000 723
320000 876
324000 739
328000 1552
332000 1380
336000 1541
340000 1568
344000 1337
348000 1415
352000 985
356000 1274
360000 1372
364000 1369
368000 866
372000 1464
376000 1318
380000 1429
384000 567
388000 512
392000 1017
396000 1508
400000 1386
404000 811
408000 1352
412000 856
416000 793
420000 942
424000 1566
428000 1252
432000 614
436000 1234
440000 1314
444000 805
448000 1436
452000 1088
456000 1236
460000 1719
464000 1619
468000 809
472000 463
476000 1605
480000 1299
484000 1658
488000 1083
492000 1721
496000 1451
500000 1712
504000 1573
508000 940
512000 1446
516000 1695
520000 1660
524000 1411
528000 1457
532000 1472
536000 1779
540000 1712
544000 1760
548000 1419
552000 1675
556000 602
560000 1226
564000 1571
568000 1158
572000 1663
576000 1631
580000 1595
584000 539
588000 913
592000 1565
596000 1724
600000 704
604000 1675
608000 1343
612000 1753
616000 1783
620000 1158
624000 1782
628000 978
632000 1718
636000 1620
640000 1677
644000 1736
648000 1763
652000 1820
656000 1078
660000 1665
664000 1667
668000 1718
672000 1726
676000 1733
680000 1786
684000 1706
688000 1387
692000 672
696000 1696
700000 1689
704000 1794
708000 1779
712000 1732
716000 1648
720000 1716
724000 1766
728000 1744
732000 1716
736000 1781
740000 1798
744000 1596
748000 1812
752000 1803
756000 1734
760000 1793
764000 1084
768000 1851
772000 1807
776000 1455
780000 1212
784000 1829
788000 1646
792000 1718
796000 1774
800000 1538
804000 1769
808000 1660
812000 1830
816000 1521
820000 1739
824000 1713
828000 1867
832000 1574
836000 1703
840000 1736
844000 1711
848000 1847
852000 1802
856000 1779
860000 1813
864000 1790
868000 1787
872000 1817
876000 1223
880000 1784
884000 1864
888000 1897
892000 1866
896000 1785
900000 1794
904000 1869
908000 1640
912000 1367
916000 1724
920000 1907
924000 1866
928000 1884
932000 1815
936000 1716
940000 1922
944000 1728
948000 1812
952000 1832
956000 1870
960000 1958
964000 1924
968000 1948
972000 1872
976000 1663
980000 1903
984000 1642
988000 1898
992000 2004
996000 1976
1000000 1964
